20230106134404 137.274000 37.507000 13.400000 4.500000 156.000000 41.000000 50.000000
20230113061359 137.276000 37.501000 13.500000 4.100000 211.000000 51.000000 120.000000
20230113200131 137.267000 37.465000 8.500000 3.000000 86.000000 87.000000 178.000000
20230226092858 137.248990 37.517000 12.200000 4.000000 78.000000 57.000000 126.000000
20230226125332 137.248000 37.515000 12.500000 3.500000 304.000000 34.000000 123.000000
20230329034815 137.308000 37.517000 12.800000 4.100000 204.000000 32.000000 36.000000
20230329124211 137.300000 37.518000 12.600000 3.500000 99.000000 86.000000 146.000000
20230329173912 137.300990 37.518000 12.600000 3.400000 85.000000 76.000000 179.000000
20230329234023 137.136000 37.467000 12.300000 3.000000 77.000000 50.000000 87.000000
20230505144204 137.304000 37.539000 12.100000 6.500000 50.000000 46.000000 91.000000
20230505145337 137.222000 37.526000 12.800000 5.000000 83.000000 63.000000 119.000000
20230505145609 137.218000 37.521000 12.100000 3.500000 287.000000 6.000000 24.000000
20230505145726 137.317000 37.551000 12.400000 3.500000 84.000000 83.000000 -179.000000
20230505150124 137.231000 37.532000 12.400000 3.000000 257.000000 48.000000 152.000000
20230505150236 137.248990 37.528000 13.400000 3.400000 229.000000 45.000000 128.000000
20230505150633 137.325000 37.539000 13.900000 3.900000 305.000000 37.000000 112.000000
20230505151403 137.252000 37.525000 10.800000 3.400000 83.000000 65.000000 120.000000
20230505161101 137.321000 37.549000 12.100000 3.600000 91.000000 88.000000 90.000000
20230505173459 137.279010 37.599000 9.400000 3.400000 95.000000 89.000000 156.000000
20230505173801 137.355000 37.544000 13.500000 4.300000 92.000000 86.000000 96.000000
20230505174636 137.321000 37.526000 13.100000 3.400000 257.000000 25.000000 69.000000
20230505182234 137.315990 37.523000 12.800000 3.300000 241.000000 52.000000 151.000000
20230505213438 137.265000 37.601000 9.700000 3.900000 97.000000 75.000000 127.000000
20230505215804 137.235990 37.526000 13.700000 5.900000 243.000000 43.000000 74.000000
20230505220837 137.222000 37.523000 12.400000 3.800000 106.000000 69.000000 143.000000
20230505222646 137.218990 37.516000 13.200000 4.100000 211.000000 41.000000 50.000000
20230505223359 137.220000 37.520000 13.200000 4.000000 77.000000 58.000000 126.000000
20230505224637 137.233990 37.523000 13.700000 3.500000 238.000000 25.000000 69.000000
20230505225142 137.257000 37.533000 12.900000 3.800000 227.000000 26.000000 57.000000
20230505230708 137.276990 37.526000 14.300000 3.600000 298.000000 47.000000 116.000000
20230505231850 137.214000 37.505000 13.800000 4.300000 107.000000 53.000000 121.000000
20230505232649 137.255000 37.531000 12.300000 3.900000 177.000000 57.000000 140.000000
20230506010204 137.248000 37.549000 12.200000 3.600000 236.000000 52.000000 129.000000
20230506012517 137.280000 37.599000 9.800000 3.300000 291.000000 83.000000 -168.000000
20230506044440 137.230000 37.546000 12.100000 3.000000 223.000000 33.000000 38.000000
20230506064826 137.328000 37.541000 13.900000 3.100000 78.000000 64.000000 142.000000
20230506084805 137.278000 37.529000 11.500000 3.100000 188.000000 71.000000 170.000000
20230509022350 137.263000 37.600000 8.700000 3.200000 285.000000 89.000000 -149.000000
20230509051419 137.310000 37.521000 14.500000 4.700000 229.000000 16.000000 64.000000
20230509051614 137.317000 37.526000 13.900000 4.400000 44.000000 50.000000 125.000000
20230510025933 137.321000 37.533000 13.700000 3.200000 30.000000 54.000000 123.000000
20230510071439 137.286000 37.601000 12.300000 4.900000 30.000000 59.000000 127.000000
20230522002027 137.287990 37.608000 11.300000 4.000000 206.000000 73.000000 151.000000
20230522095159 137.248990 37.453000 10.800000 3.000000 82.000000 84.000000 152.000000
20230530145743 137.342000 37.614000 12.100000 3.100000 159.000000 88.000000 -147.000000
20230530174916 137.391010 37.510000 4.500000 4.600000 278.000000 78.000000 -113.000000
20230708213606 137.225010 37.520000 13.500000 4.000000 197.000000 34.000000 93.000000
20240101164815 136.843990 37.252000 12.900000 4.900000 83.000000 89.000000 114.000000
20240101165648 136.856990 37.262000 13.800000 5.800000 53.000000 77.000000 148.000000
20240101171016 137.103000 37.396000 11.000000 4.000000 98.000000 87.000000 116.000000
20240101171747 137.159000 37.467000 12.000000 4.700000 278.000000 18.000000 138.000000
20240101172903 137.537000 37.632000 16.300000 4.500000 265.000000 50.000000 89.000000
20240101175717 136.912990 37.290000 14.100000 3.800000 64.000000 64.000000 88.000000
20240101180350 137.408000 37.593000 13.600000 5.500000 236.000000 19.000000 132.000000
20240101180614 137.453990 37.539000 13.500000 4.700000 62.000000 88.000000 127.000000
20240101180818 137.383000 37.578000 13.500000 5.800000 240.000000 34.000000 141.000000
20240101183022 137.373000 37.552000 11.500000 4.900000 77.000000 77.000000 179.000000
20240101183959 136.647000 37.107000 6.300000 4.800000 311.000000 11.000000 176.000000
20240101190456 136.873000 37.175000 12.000000 3.400000 141.000000 22.000000 2.000000
20240101192704 137.062000 37.401000 8.700000 3.600000 51.000000 79.000000 126.000000
20240101192759 137.222000 37.467000 9.800000 4.500000 152.000000 14.000000 157.000000
20240101194959 136.621000 37.133000 9.200000 3.800000 211.000000 47.000000 115.000000
20240101200121 136.785000 37.249000 11.900000 3.700000 202.000000 89.000000 117.000000
20240101200741 136.892000 37.360000 7.700000 3.500000 2.000000 7.000000 48.000000
20240101200906 137.776990 37.855000 13.600000 3.600000 239.000000 68.000000 180.000000
20240101202541 136.974000 37.333000 13.300000 3.400000 315.000000 11.000000 -56.000000
20240101202736 136.860000 37.363000 0.100000 4.000000 313.000000 35.000000 162.000000
20240101203532 136.744000 37.156000 3.800000 4.100000 291.000000 79.000000 106.000000
20240101205337 137.448000 37.615000 11.300000 3.500000 78.000000 16.000000 121.000000
20240101211928 136.644000 37.224000 5.900000 3.300000 224.000000 75.000000 180.000000
20240101212045 137.222000 37.472000 11.000000 4.500000 83.000000 84.000000 -162.000000
20240101212209 137.291000 37.536000 4.000000 3.500000 12.000000 87.000000 104.000000
20240101214831 137.567000 37.686000 15.000000 4.300000 93.000000 74.000000 117.000000
20240101220300 136.938000 37.325000 12.700000 4.200000 194.000000 24.000000 82.000000
20240101221016 136.728000 37.179000 10.500000 3.100000 208.000000 88.000000 97.000000
20240101230348 137.610000 37.723000 17.900000 4.400000 226.000000 42.000000 -151.000000
20240101231548 136.837010 37.293000 14.200000 3.400000 223.000000 78.000000 180.000000
20240101235038 136.989000 37.366000 7.200000 3.800000 3.000000 17.000000 12.000000
20240101235826 137.317990 37.492000 10.400000 3.700000 10.000000 74.000000 131.000000
20240101202944 137.159000 37.425000 12.200000 3.300000 196.000000 90.000000 93.000000
20240101165226 137.662000 37.776000 23.200000 4.200000 24.000000 46.000000 91.000000
20240101171308 137.082990 37.434000 8.100000 3.800000 20.000000 82.000000 109.000000
20240101185142 137.008000 37.360000 10.700000 3.600000 55.000000 75.000000 114.000000
20240101204741 137.133000 37.409000 11.300000 3.400000 87.000000 71.000000 145.000000
20240101173234 137.673000 37.770000 13.700000 3.400000 229.000000 29.000000 166.000000
20240101203757 136.812000 37.269000 14.100000 3.300000 140.000000 76.000000 126.000000
20240102000151 137.263000 37.486000 11.600000 3.200000 232.000000 89.000000 95.000000
20240102000835 137.295000 37.506000 9.600000 4.300000 278.000000 89.000000 -166.000000
20240102004200 137.828000 37.833000 17.400000 3.400000 151.000000 82.000000 150.000000
20240102005051 137.227010 37.451000 13.300000 3.200000 289.000000 68.000000 173.000000
20240102005204 136.623990 37.123000 7.000000 3.500000 221.000000 29.000000 42.000000
20240102020034 136.684010 37.185000 9.400000 3.800000 270.000000 82.000000 82.000000
20240102022955 136.936000 37.371000 11.000000 3.700000 87.000000 89.000000 172.000000
20240102023625 137.436000 37.644000 0.100000 3.600000 145.000000 83.000000 153.000000
20240102024824 137.820010 37.863000 17.600000 4.200000 295.000000 38.000000 -75.000000
20240102025209 136.740010 37.219000 4.500000 4.200000 201.000000 70.000000 169.000000
20240102033356 136.955990 37.364000 9.600000 4.000000 11.000000 27.000000 90.000000
20240102035439 136.759000 37.184000 0.500000 3.400000 196.000000 90.000000 130.000000
20240102040222 136.828000 37.315000 11.400000 4.000000 130.000000 62.000000 165.000000
20240102043725 137.543000 37.621000 13.700000 3.700000 221.000000 32.000000 9.000000
20240102044207 136.677000 37.257000 12.200000 4.900000 24.000000 74.000000 93.000000
20240102044838 136.799000 37.229000 2.000000 3.000000 299.000000 25.000000 158.000000
20240102044958 137.050990 37.386000 10.700000 4.100000 214.000000 51.000000 40.000000
20240102045544 136.955000 37.377000 10.900000 3.600000 289.000000 12.000000 147.000000
20240102055636 137.156010 37.374000 12.300000 3.600000 124.000000 74.000000 153.000000
20240102061301 136.891010 37.382000 7.300000 3.100000 250.000000 85.000000 172.000000
20240102062207 137.433000 37.610000 11.000000 3.200000 100.000000 84.000000 114.000000
20240102063027 136.758000 37.337000 10.200000 3.700000 50.000000 88.000000 105.000000
20240102070919 136.953000 37.376000 10.800000 3.700000 260.000000 72.000000 -166.000000
20240102072701 137.002000 37.417000 6.000000 4.300000 259.000000 70.000000 166.000000
20240102073732 137.280000 37.490000 12.300000 3.900000 93.000000 90.000000 135.000000
20240102074256 136.966000 37.343000 12.300000 3.200000 174.000000 22.000000 47.000000
20240102082105 137.019000 37.373000 12.600000 3.500000 112.000000 62.000000 153.000000
20240102084226 136.927000 37.356000 10.900000 3.800000 78.000000 77.000000 151.000000
20240102085432 136.614000 37.110000 6.100000 3.400000 254.000000 55.000000 176.000000
20240102091319 137.287990 37.495000 12.000000 3.600000 89.000000 83.000000 110.000000
20240102094947 137.709000 37.799000 20.800000 3.100000 216.000000 41.000000 80.000000
20240102101732 136.722000 37.222000 10.200000 5.600000 30.000000 83.000000 95.000000
20240102110101 136.713000 37.227000 5.200000 3.000000 203.000000 71.000000 141.000000
20240102110510 137.085010 37.364000 10.900000 4.000000 42.000000 16.000000 92.000000
20240102111943 136.746000 37.199000 7.000000 4.000000 321.000000 30.000000 28.000000
20240102114159 137.130000 37.455000 11.100000 3.900000 241.000000 4.000000 -113.000000
20240102115131 137.640000 37.654000 22.400000 3.700000 359.000000 45.000000 89.000000
20240102134229 137.186000 37.460000 13.100000 3.000000 204.000000 13.000000 -145.000000
20240102140919 136.767000 37.208000 8.800000 3.000000 66.000000 82.000000 -105.000000
20240102150237 137.753010 37.790000 19.600000 4.100000 9.000000 54.000000 77.000000
20240102152605 136.817990 37.327000 10.200000 3.000000 63.000000 85.000000 105.000000
20240102153322 137.673000 37.690000 16.700000 3.400000 234.000000 22.000000 134.000000
20240102164155 137.376010 37.559000 10.300000 3.600000 88.000000 76.000000 -144.000000
20240102172936 136.660000 37.290000 1.400000 3.000000 191.000000 61.000000 148.000000
20240102175921 137.105000 37.429000 9.200000 3.100000 270.000000 87.000000 162.000000
20240102182936 137.257000 37.460000 12.900000 4.300000 111.000000 72.000000 149.000000
20240102184634 137.113010 37.367000 10.400000 3.600000 87.000000 86.000000 78.000000
20240102185937 136.643010 37.203000 0.800000 3.600000 189.000000 54.000000 173.000000
20240102194042 136.664000 37.208000 8.800000 3.100000 246.000000 36.000000 -176.000000
20240102205238 137.271000 37.450000 13.300000 3.600000 88.000000 89.000000 179.000000
20240102211321 136.929990 37.306000 16.600000 4.400000 57.000000 57.000000 101.000000
20240102213324 137.460010 37.545000 11.400000 3.000000 174.000000 27.000000 5.000000
20240102220325 136.837010 37.307000 13.200000 3.800000 68.000000 62.000000 -155.000000
20240102220442 136.717000 37.150000 5.100000 3.200000 179.000000 77.000000 165.000000
20240102221945 136.673000 37.169000 4.300000 3.500000 221.000000 71.000000 -99.000000
20240102223108 137.754000 37.893000 11.300000 3.100000 149.000000 40.000000 26.000000
20240102094742 136.877000 37.349000 10.200000 3.000000 70.000000 71.000000 123.000000
20240102044933 136.938000 37.345000 8.800000 3.300000 169.000000 79.000000 130.000000
20240102052124 136.664990 37.167000 10.900000 3.900000 246.000000 22.000000 145.000000
20240102130907 137.170000 37.458000 11.600000 3.600000 300.000000 9.000000 113.000000
20240102075302 137.412000 37.561000 13.200000 3.400000 211.000000 80.000000 157.000000
20240102182546 136.702000 37.224000 5.500000 3.100000 210.000000 73.000000 160.000000
20240102005355 136.682010 37.190000 8.100000 3.100000 350.000000 27.000000 33.000000
20240102032220 137.000000 37.344000 0.100000 3.000000 115.000000 23.000000 -143.000000
20240102161845 136.733990 37.222000 6.000000 3.000000 272.000000 43.000000 170.000000
20240102134120 137.274990 37.488000 12.100000 3.000000 141.000000 55.000000 129.000000
20240102223316 137.042010 37.363000 10.800000 3.000000 73.000000 12.000000 127.000000
20240103010819 137.723010 37.844000 20.500000 3.100000 3.000000 47.000000 93.000000
20240103024354 137.634000 37.673000 15.300000 3.100000 113.000000 80.000000 116.000000
20240103031811 136.940990 37.377000 10.100000 3.200000 159.000000 17.000000 9.000000
20240103034501 136.724000 37.161000 4.900000 3.700000 159.000000 87.000000 153.000000
20240103034710 137.364000 37.609000 12.200000 3.000000 331.000000 53.000000 160.000000
20240103053640 136.720990 37.204000 7.500000 3.700000 74.000000 85.000000 -179.000000
20240103063801 137.366000 37.497000 13.200000 3.300000 83.000000 79.000000 151.000000
20240103064525 136.792010 37.184000 9.400000 3.100000 236.000000 88.000000 86.000000
20240103065339 136.737000 37.167000 5.300000 3.000000 209.000000 77.000000 156.000000
20240103083419 136.996000 37.361000 13.200000 4.000000 61.000000 74.000000 98.000000
20240103084526 136.768010 37.157000 5.900000 3.000000 167.000000 15.000000 61.000000
20240103092702 137.481000 37.634000 13.000000 3.000000 98.000000 80.000000 118.000000
20240103105435 136.873000 37.373000 12.800000 5.600000 68.000000 90.000000 171.000000
20240103113648 136.959000 37.349000 11.700000 3.000000 230.000000 14.000000 93.000000
20240103115749 137.101000 37.432000 6.100000 3.700000 90.000000 14.000000 99.000000
20240103123723 136.640000 37.237000 5.100000 4.300000 215.000000 85.000000 159.000000
20240103151741 137.266010 37.472000 11.500000 3.200000 83.000000 87.000000 -178.000000
20240103154402 136.817000 37.371000 8.500000 3.600000 143.000000 89.000000 170.000000
20240103165800 137.765000 37.881000 16.300000 3.300000 197.000000 80.000000 149.000000
20240103184800 136.804000 37.323000 12.000000 4.800000 58.000000 87.000000 157.000000
20240103190101 136.634990 37.181000 3.400000 3.800000 266.000000 25.000000 172.000000
20240103190750 137.133000 37.462000 12.300000 3.600000 220.000000 38.000000 60.000000
20240103193446 136.715000 37.212000 5.100000 3.600000 281.000000 22.000000 146.000000
20240103193922 136.738010 37.250000 7.600000 3.200000 80.000000 84.000000 -171.000000
20240103194214 136.738010 37.172000 7.600000 4.100000 214.000000 34.000000 161.000000
20240103194911 137.442990 37.585000 13.600000 4.100000 319.000000 40.000000 -45.000000
20240103204837 137.212010 37.463000 12.000000 3.800000 317.000000 56.000000 137.000000
20240103205457 136.595990 37.114000 7.000000 3.700000 57.000000 89.000000 96.000000
20240103212341 137.627000 37.760000 16.500000 3.200000 136.000000 83.000000 145.000000
20240103212837 137.252000 37.526000 9.200000 3.500000 268.000000 14.000000 3.000000
20240103213247 136.882000 37.328000 12.300000 3.100000 60.000000 80.000000 122.000000
20240103214247 136.746990 37.181000 5.700000 3.100000 98.000000 18.000000 145.000000
20240103222627 137.300000 37.487000 11.200000 3.200000 51.000000 54.000000 175.000000
20240103223356 137.140000 37.464000 10.800000 3.100000 334.000000 29.000000 178.000000
20240103231418 137.487000 37.631000 12.900000 3.100000 100.000000 86.000000 141.000000
20240103233317 136.983990 37.321000 13.400000 4.200000 193.000000 28.000000 62.000000
20240103104842 137.772990 37.852000 20.200000 3.200000 178.000000 43.000000 82.000000
20240103214350 137.659000 37.746000 18.900000 3.600000 269.000000 87.000000 173.000000
20240103133918 136.879000 37.351000 11.700000 3.200000 75.000000 82.000000 116.000000
20240103084128 136.690000 37.215000 6.700000 3.000000 155.000000 51.000000 115.000000
20240104000621 136.707990 37.214000 4.000000 3.000000 250.000000 55.000000 171.000000
20240104001223 136.871000 37.376000 12.100000 3.800000 257.000000 66.000000 -165.000000
20240104003653 137.128010 37.462000 10.700000 4.900000 249.000000 60.000000 -166.000000
20240104005627 137.123990 37.465000 11.300000 3.500000 248.000000 68.000000 163.000000
20240104022458 137.192990 37.466000 13.800000 3.400000 82.000000 77.000000 119.000000
20240104034150 137.327000 37.499000 10.800000 3.200000 277.000000 88.000000 -149.000000
20240104051456 137.128010 37.425000 8.200000 3.500000 114.000000 66.000000 -166.000000
20240104053604 137.020000 37.390000 5.000000 3.000000 254.000000 86.000000 114.000000
20240104072925 136.998000 37.408000 7.100000 3.200000 247.000000 58.000000 178.000000
20240104093425 137.570010 37.625000 14.800000 3.500000 166.000000 46.000000 72.000000
20240104105144 136.629000 37.225000 3.800000 3.600000 198.000000 69.000000 159.000000
20240104102424 137.061000 37.398000 11.300000 3.500000 4.000000 43.000000 36.000000
20240104150608 137.270000 37.452000 14.000000 3.400000 279.000000 85.000000 -150.000000
20240104154647 137.287990 37.502000 11.600000 4.400000 106.000000 88.000000 162.000000
20240104171624 137.526000 37.713000 20.400000 5.000000 175.000000 41.000000 77.000000
20240104190225 137.699010 37.724000 20.100000 3.500000 143.000000 48.000000 66.000000
20240104194416 136.687000 37.187000 3.700000 3.300000 249.000000 61.000000 -173.000000
20240104212939 137.638000 37.645000 21.800000 3.300000 176.000000 43.000000 80.000000
20240104213845 136.812000 37.185000 13.000000 3.200000 47.000000 63.000000 126.000000
20240104074711 136.669010 37.205000 8.200000 3.300000 234.000000 84.000000 84.000000
20240104080601 136.694000 37.173000 5.800000 3.200000 32.000000 25.000000 106.000000
20240105000413 136.832990 37.187000 12.000000 4.400000 256.000000 32.000000 118.000000
20240105075603 136.690000 37.226000 5.700000 3.100000 199.000000 80.000000 158.000000
20240105085824 137.451000 37.574000 16.500000 3.000000 105.000000 85.000000 140.000000
20240105091657 136.847000 37.215000 10.800000 3.200000 177.000000 64.000000 166.000000
20240105092728 136.727010 37.190000 3.600000 4.000000 198.000000 64.000000 168.000000
20240105093951 137.214000 37.409000 13.300000 4.200000 158.000000 37.000000 55.000000
20240105095034 137.917010 37.659000 24.800000 3.400000 25.000000 45.000000 78.000000
20240105105640 137.720990 37.800000 19.700000 3.900000 257.000000 51.000000 146.000000
20240105112042 137.850010 37.669000 25.400000 3.000000 13.000000 50.000000 63.000000
20240105114215 136.822010 37.383000 12.100000 3.100000 52.000000 71.000000 -137.000000
20240105124612 136.815990 37.354000 14.900000 3.600000 53.000000 72.000000 110.000000
20240105133224 136.746990 37.171000 3.300000 3.500000 209.000000 73.000000 166.000000
20240105133849 137.729000 37.783000 16.300000 3.200000 211.000000 25.000000 111.000000
20240105141503 137.240010 37.458000 13.700000 4.200000 208.000000 35.000000 44.000000
20240105152418 137.695010 37.801000 21.000000 3.400000 273.000000 66.000000 178.000000
20240105174328 136.724000 37.142000 5.800000 3.500000 264.000000 42.000000 171.000000
20240105182257 137.470000 37.623000 13.000000 3.700000 260.000000 28.000000 23.000000
20240105190914 137.144000 37.467000 14.100000 3.600000 259.000000 70.000000 173.000000
20240105030952 136.677000 37.211000 10.700000 3.000000 180.000000 12.000000 52.000000
20240106005340 137.720990 37.767000 20.200000 3.000000 225.000000 38.000000 -87.000000
20240106010558 136.908000 37.362000 12.400000 3.900000 231.000000 86.000000 163.000000
20240106012956 137.726000 37.769000 23.400000 3.500000 10.000000 39.000000 94.000000
20240106030357 137.035000 37.367000 14.900000 3.500000 249.000000 40.000000 98.000000
20240106052651 136.832990 37.217000 12.100000 5.400000 37.000000 73.000000 119.000000
20240106053250 136.837010 37.194000 12.600000 3.500000 216.000000 13.000000 80.000000
20240106054334 137.705990 37.805000 17.500000 4.200000 43.000000 61.000000 89.000000
20240106065716 136.959000 37.341000 13.900000 4.400000 234.000000 18.000000 81.000000
20240106091634 137.154010 37.430000 10.900000 3.300000 95.000000 75.000000 123.000000
20240106104303 136.756000 37.200000 6.400000 3.100000 220.000000 88.000000 119.000000
20240106133051 137.082990 37.371000 13.200000 3.100000 95.000000 76.000000 -105.000000
20240106135217 136.728000 37.169000 5.600000 3.600000 182.000000 58.000000 166.000000
20240106143007 137.600010 37.691000 18.400000 3.300000 213.000000 35.000000 94.000000
20240106164313 137.436000 37.602000 13.000000 3.800000 286.000000 26.000000 -70.000000
20240106182324 136.929000 37.376000 13.700000 4.000000 60.000000 72.000000 112.000000
20240106215209 137.352010 37.478000 13.300000 3.600000 41.000000 89.000000 95.000000
