20230106134404 137.274000 37.507000 13.400000 4.500000 155.000000 41.000000 47.000000
20230113061359 137.276000 37.501000 13.500000 4.100000 211.000000 51.000000 118.000000
20230113200131 137.267000 37.465000 8.500000 3.000000 85.000000 87.000000 -179.000000
20230226125332 137.248000 37.515000 12.500000 3.500000 302.000000 29.000000 122.000000
20230329034815 137.308000 37.517000 12.800000 4.100000 85.000000 75.000000 139.000000
20230329124211 137.300000 37.518000 12.600000 3.500000 99.000000 87.000000 141.000000
20230329173912 137.300990 37.518000 12.600000 3.400000 83.000000 78.000000 -173.000000
20230505144204 137.304000 37.539000 12.100000 6.500000 212.000000 42.000000 69.000000
20230505144748 137.323000 37.516000 13.100000 4.000000 109.000000 65.000000 141.000000
20230505145054 137.255000 37.520000 11.100000 3.200000 27.000000 70.000000 134.000000
20230505145337 137.222000 37.526000 12.800000 5.000000 211.000000 38.000000 45.000000
20230505145932 137.343990 37.564000 12.300000 3.500000 259.000000 90.000000 93.000000
20230505150124 137.231000 37.532000 12.400000 3.000000 252.000000 42.000000 153.000000
20230505150236 137.248990 37.528000 13.400000 3.400000 229.000000 42.000000 132.000000
20230505150633 137.325000 37.539000 13.900000 3.900000 31.000000 58.000000 108.000000
20230505161101 137.321000 37.549000 12.100000 3.600000 157.000000 3.000000 -28.000000
20230505162423 137.207000 37.520000 13.400000 3.100000 234.000000 47.000000 144.000000
20230505170110 137.261000 37.584000 7.500000 3.800000 124.000000 52.000000 155.000000
20230505173459 137.279010 37.599000 9.400000 3.400000 96.000000 88.000000 155.000000
20230505173801 137.355000 37.544000 13.500000 4.300000 49.000000 48.000000 134.000000
20230505182234 137.315990 37.523000 12.800000 3.300000 211.000000 38.000000 118.000000
20230505151239 137.315000 37.561000 10.600000 3.000000 186.000000 7.000000 174.000000
20230505213438 137.265000 37.601000 9.700000 3.900000 215.000000 2.000000 -86.000000
20230505215804 137.235990 37.526000 13.700000 5.900000 243.000000 42.000000 72.000000
20230505220337 137.225010 37.534000 11.700000 4.000000 32.000000 10.000000 18.000000
20230505220837 137.222000 37.523000 12.400000 3.800000 103.000000 7.000000 98.000000
20230505222646 137.218990 37.516000 13.200000 4.100000 217.000000 37.000000 50.000000
20230505224637 137.233990 37.523000 13.700000 3.500000 238.000000 25.000000 69.000000
20230505224832 137.244000 37.538000 12.600000 3.300000 311.000000 63.000000 144.000000
20230505225142 137.257000 37.533000 12.900000 3.800000 225.000000 40.000000 56.000000
20230505230708 137.276990 37.526000 14.300000 3.600000 164.000000 34.000000 55.000000
20230505231850 137.214000 37.505000 13.800000 4.300000 108.000000 51.000000 123.000000
20230505232649 137.255000 37.531000 12.300000 3.900000 173.000000 51.000000 139.000000
20230505220219 137.214000 37.519000 13.200000 3.500000 73.000000 65.000000 120.000000
20230506010204 137.248000 37.549000 12.200000 3.600000 241.000000 45.000000 138.000000
20230506012517 137.280000 37.599000 9.800000 3.300000 130.000000 56.000000 -165.000000
20230506022147 137.266010 37.560000 12.200000 3.000000 157.000000 41.000000 136.000000
20230506044440 137.230000 37.546000 12.100000 3.000000 102.000000 70.000000 116.000000
20230506064826 137.328000 37.541000 13.900000 3.100000 79.000000 68.000000 148.000000
20230506084805 137.278000 37.529000 11.500000 3.100000 192.000000 67.000000 176.000000
20230509022350 137.263000 37.600000 8.700000 3.200000 102.000000 90.000000 154.000000
20230509051419 137.310000 37.521000 14.500000 4.700000 75.000000 74.000000 103.000000
20230509110554 137.252000 37.591000 8.800000 4.200000 108.000000 74.000000 174.000000
20230510025933 137.321000 37.533000 13.700000 3.200000 160.000000 48.000000 53.000000
20230510071439 137.286000 37.601000 12.300000 4.900000 30.000000 67.000000 127.000000
20230522002027 137.287990 37.608000 11.300000 4.000000 208.000000 75.000000 149.000000
20230522095159 137.248990 37.453000 10.800000 3.000000 72.000000 72.000000 169.000000
20230530145743 137.342000 37.614000 12.100000 3.100000 148.000000 73.000000 -152.000000
20230530174916 137.391010 37.510000 4.500000 4.600000 158.000000 26.000000 -29.000000
20230708213606 137.225010 37.520000 13.500000 4.000000 37.000000 47.000000 110.000000
20230928232947 137.215000 37.486000 12.300000 4.300000 293.000000 72.000000 -168.000000
20240101160606 137.246000 37.511000 11.800000 5.500000 124.000000 60.000000 128.000000
20240101163950 137.442000 37.550000 13.100000 5.200000 200.000000 18.000000 -160.000000
20240101164532 137.837010 37.858000 14.400000 4.700000 45.000000 3.000000 124.000000
20240101164815 136.843990 37.252000 12.900000 4.900000 83.000000 87.000000 115.000000
20240101165648 136.856990 37.262000 13.800000 5.800000 156.000000 40.000000 36.000000
20240101171016 137.103000 37.396000 11.000000 4.000000 89.000000 85.000000 105.000000
20240101171747 137.159000 37.467000 12.000000 4.700000 68.000000 82.000000 92.000000
20240101174207 137.690990 37.731000 14.300000 3.900000 165.000000 79.000000 178.000000
20240101175717 136.912990 37.290000 14.100000 3.800000 317.000000 85.000000 -126.000000
20240101180350 137.408000 37.593000 13.600000 5.500000 172.000000 29.000000 57.000000
20240101180614 137.453990 37.539000 13.500000 4.700000 57.000000 79.000000 121.000000
20240101180818 137.383000 37.578000 13.500000 5.800000 187.000000 38.000000 84.000000
20240101182307 137.293000 37.502000 9.300000 4.500000 309.000000 9.000000 22.000000
20240101183022 137.373000 37.552000 11.500000 4.900000 122.000000 63.000000 -160.000000
20240101183959 136.647000 37.107000 6.300000 4.800000 311.000000 11.000000 176.000000
20240101190456 136.873000 37.175000 12.000000 3.400000 49.000000 70.000000 114.000000
20240101193834 136.878010 37.303000 9.000000 3.700000 188.000000 57.000000 159.000000
20240101194959 136.621000 37.133000 9.200000 3.800000 247.000000 65.000000 125.000000
20240101200741 136.892000 37.360000 7.700000 3.500000 231.000000 88.000000 103.000000
20240101202541 136.974000 37.333000 13.300000 3.400000 249.000000 7.000000 -110.000000
20240101202736 136.860000 37.363000 0.100000 4.000000 94.000000 23.000000 30.000000
20240101203532 136.744000 37.156000 3.800000 4.100000 293.000000 74.000000 105.000000
20240101204156 137.140000 37.468000 12.800000 3.700000 226.000000 36.000000 72.000000
20240101205337 137.448000 37.615000 11.300000 3.500000 115.000000 71.000000 137.000000
20240101211330 137.065990 37.397000 10.400000 4.100000 265.000000 88.000000 117.000000
20240101211928 136.644000 37.224000 5.900000 3.300000 207.000000 69.000000 139.000000
20240101214831 137.567000 37.686000 15.000000 4.300000 101.000000 77.000000 111.000000
20240101215305 136.636990 37.124000 14.400000 3.300000 109.000000 66.000000 147.000000
20240101220300 136.938000 37.325000 12.700000 4.200000 231.000000 17.000000 116.000000
20240101221057 137.063000 37.398000 9.400000 4.400000 114.000000 65.000000 -163.000000
20240101222707 136.822010 37.289000 12.800000 3.300000 79.000000 83.000000 175.000000
20240101230348 137.610000 37.723000 17.900000 4.400000 242.000000 22.000000 -103.000000
20240101230810 136.917010 37.320000 12.400000 3.700000 138.000000 24.000000 96.000000
20240101231548 136.837010 37.293000 14.200000 3.400000 224.000000 81.000000 176.000000
20240101231857 137.202000 37.501000 11.300000 3.300000 122.000000 18.000000 168.000000
20240101235826 137.317990 37.492000 10.400000 3.700000 12.000000 88.000000 118.000000
20240101202944 137.159000 37.425000 12.200000 3.300000 305.000000 4.000000 17.000000
20240101204955 136.825000 37.185000 10.900000 3.500000 42.000000 70.000000 126.000000
20240101201644 137.798000 37.657000 22.600000 3.200000 80.000000 48.000000 100.000000
20240101204741 137.133000 37.409000 11.300000 3.400000 71.000000 61.000000 137.000000
20240101173234 137.673000 37.770000 13.700000 3.400000 193.000000 13.000000 105.000000
20240101203757 136.812000 37.269000 14.100000 3.300000 113.000000 22.000000 171.000000
20240101210009 136.662000 37.112000 3.800000 3.100000 102.000000 78.000000 124.000000
20240102000835 137.295000 37.506000 9.600000 4.300000 278.000000 89.000000 -166.000000
20240102001340 137.112000 37.464000 8.200000 3.500000 243.000000 6.000000 3.000000
20240102003929 137.267000 37.516000 7.700000 3.100000 274.000000 75.000000 89.000000
20240102004200 137.828000 37.833000 17.400000 3.400000 143.000000 83.000000 136.000000
20240102005204 136.623990 37.123000 7.000000 3.500000 221.000000 29.000000 42.000000
20240102010151 136.876010 37.381000 7.900000 3.600000 73.000000 84.000000 122.000000
20240102010419 136.815000 37.239000 11.800000 3.600000 264.000000 85.000000 50.000000
20240102013755 137.008000 37.349000 11.900000 3.300000 153.000000 74.000000 -155.000000
20240102014319 137.368000 37.550000 12.700000 4.100000 254.000000 19.000000 67.000000
20240102015542 137.075000 37.367000 10.300000 4.100000 289.000000 43.000000 5.000000
20240102021806 136.744000 37.192000 6.200000 3.200000 325.000000 79.000000 156.000000
20240102022955 136.936000 37.371000 11.000000 3.700000 88.000000 88.000000 170.000000
20240102023259 136.696000 37.142000 4.200000 3.000000 67.000000 87.000000 176.000000
20240102023625 137.436000 37.644000 0.100000 3.600000 125.000000 75.000000 -174.000000
20240102024725 136.772990 37.159000 4.500000 3.200000 298.000000 38.000000 170.000000
20240102024824 137.820010 37.863000 17.600000 4.200000 287.000000 36.000000 -84.000000
20240102025209 136.740010 37.219000 4.500000 4.200000 209.000000 69.000000 172.000000
20240102030158 136.692990 37.247000 6.600000 3.900000 206.000000 71.000000 174.000000
20240102035439 136.759000 37.184000 0.500000 3.400000 195.000000 89.000000 131.000000
20240102040222 136.828000 37.315000 11.400000 4.000000 174.000000 16.000000 -140.000000
20240102040540 137.142000 37.458000 9.600000 4.000000 333.000000 33.000000 38.000000
20240102042714 136.575000 37.072000 8.900000 4.700000 235.000000 11.000000 145.000000
20240102044207 136.677000 37.257000 12.200000 4.900000 208.000000 22.000000 100.000000
20240102044958 137.050990 37.386000 10.700000 4.100000 217.000000 50.000000 41.000000
20240102045544 136.955000 37.377000 10.900000 3.600000 270.000000 9.000000 125.000000
20240102045724 136.677990 37.252000 10.900000 3.200000 254.000000 7.000000 133.000000
20240102061301 136.891010 37.382000 7.300000 3.100000 246.000000 80.000000 170.000000
20240102063027 136.758000 37.337000 10.200000 3.700000 49.000000 88.000000 105.000000
20240102071330 136.924000 37.322000 10.900000 4.500000 358.000000 63.000000 142.000000
20240102072543 136.931000 37.418000 0.100000 3.100000 104.000000 73.000000 121.000000
20240102072701 137.002000 37.417000 6.000000 4.300000 261.000000 74.000000 171.000000
20240102074256 136.966000 37.343000 12.300000 3.200000 39.000000 74.000000 105.000000
20240102084226 136.927000 37.356000 10.900000 3.800000 77.000000 75.000000 159.000000
20240102091319 137.287990 37.495000 12.000000 3.600000 208.000000 29.000000 37.000000
20240102091425 137.210010 37.436000 13.900000 4.500000 256.000000 28.000000 137.000000
20240102094947 137.709000 37.799000 20.800000 3.100000 190.000000 42.000000 78.000000
20240102095504 136.835010 37.212000 12.400000 3.700000 234.000000 68.000000 149.000000
20240102101732 136.722000 37.222000 10.200000 5.600000 33.000000 81.000000 96.000000
20240102110101 136.713000 37.227000 5.200000 3.000000 203.000000 75.000000 135.000000
20240102110510 137.085010 37.364000 10.900000 4.000000 221.000000 75.000000 92.000000
20240102111943 136.746000 37.199000 7.000000 4.000000 206.000000 83.000000 128.000000
20240102114159 137.130000 37.455000 11.100000 3.900000 86.000000 86.000000 -88.000000
20240102115131 137.640000 37.654000 22.400000 3.700000 170.000000 43.000000 92.000000
20240102120757 137.483990 37.633000 11.100000 3.700000 104.000000 64.000000 -161.000000
20240102124758 136.981000 37.339000 12.100000 3.300000 244.000000 62.000000 -180.000000
20240102125604 136.789000 37.294000 12.700000 3.400000 257.000000 80.000000 -153.000000
20240102134229 137.186000 37.460000 13.100000 3.000000 82.000000 79.000000 -148.000000
20240102134315 136.906010 37.330000 10.600000 3.700000 181.000000 28.000000 17.000000
20240102140158 136.786000 37.376000 6.900000 4.400000 279.000000 19.000000 -34.000000
20240102145840 136.733000 37.197000 5.700000 3.100000 74.000000 81.000000 153.000000
20240102150237 137.753010 37.790000 19.600000 4.100000 206.000000 37.000000 98.000000
20240102150542 136.914000 37.342000 11.600000 3.300000 69.000000 63.000000 -170.000000
20240102152605 136.817990 37.327000 10.200000 3.000000 82.000000 87.000000 129.000000
20240102155754 136.697010 37.199000 5.900000 4.500000 189.000000 78.000000 152.000000
20240102172308 136.804990 37.296000 10.900000 3.000000 13.000000 59.000000 170.000000
20240102182936 137.257000 37.460000 12.900000 4.300000 119.000000 77.000000 169.000000
20240102184634 137.113010 37.367000 10.400000 3.600000 342.000000 16.000000 166.000000
20240102201639 136.659000 37.123000 6.300000 3.700000 85.000000 76.000000 162.000000
20240102203052 137.060000 37.388000 13.200000 3.300000 217.000000 28.000000 34.000000
20240102205238 137.271000 37.450000 13.300000 3.600000 85.000000 85.000000 179.000000
20240102211321 136.929990 37.306000 16.600000 4.400000 57.000000 58.000000 100.000000
20240102220325 136.837010 37.307000 13.200000 3.800000 69.000000 65.000000 -156.000000
20240102220442 136.717000 37.150000 5.100000 3.200000 183.000000 83.000000 137.000000
20240102221945 136.673000 37.169000 4.300000 3.500000 227.000000 67.000000 -98.000000
20240102223108 137.754000 37.893000 11.300000 3.100000 316.000000 56.000000 135.000000
20240102223656 137.785000 37.899000 17.100000 3.100000 189.000000 88.000000 166.000000
20240102094742 136.877000 37.349000 10.200000 3.000000 61.000000 37.000000 120.000000
20240102044109 136.580000 37.066000 8.300000 3.400000 183.000000 11.000000 56.000000
20240102044933 136.938000 37.345000 8.800000 3.300000 172.000000 84.000000 121.000000
20240102052124 136.664990 37.167000 10.900000 3.900000 255.000000 24.000000 156.000000
20240102130907 137.170000 37.458000 11.600000 3.600000 310.000000 8.000000 124.000000
20240102051826 136.684010 37.123000 6.200000 3.500000 294.000000 19.000000 153.000000
20240102075302 137.412000 37.561000 13.200000 3.400000 218.000000 87.000000 -155.000000
20240102182546 136.702000 37.224000 5.500000 3.100000 208.000000 68.000000 153.000000
20240102200621 136.716000 37.194000 8.300000 3.100000 181.000000 61.000000 150.000000
20240102161845 136.733990 37.222000 6.000000 3.000000 277.000000 47.000000 176.000000
20240102134120 137.274990 37.488000 12.100000 3.000000 136.000000 57.000000 135.000000
20240102010313 137.035000 37.356000 10.000000 3.000000 62.000000 85.000000 101.000000
20240102223316 137.042010 37.363000 10.800000 3.000000 142.000000 8.000000 -150.000000
20240102103256 136.745000 37.232000 9.800000 3.000000 251.000000 29.000000 131.000000
20240102164546 136.703000 37.165000 2.800000 3.000000 233.000000 49.000000 160.000000
20240103002400 136.740010 37.225000 11.000000 3.500000 45.000000 88.000000 96.000000
20240103010819 137.723010 37.844000 20.500000 3.100000 6.000000 49.000000 93.000000
20240103011330 136.714000 37.206000 3.300000 3.300000 188.000000 63.000000 150.000000
20240103022148 137.304000 37.483000 12.400000 4.900000 96.000000 74.000000 130.000000
20240103025846 137.324010 37.493000 12.000000 3.100000 265.000000 10.000000 -12.000000
20240103030005 137.196000 37.463000 11.600000 3.300000 203.000000 90.000000 101.000000
20240103030013 136.973010 37.353000 8.500000 3.500000 159.000000 85.000000 153.000000
20240103034501 136.724000 37.161000 4.900000 3.700000 162.000000 86.000000 -179.000000
20240103053640 136.720990 37.204000 7.500000 3.700000 74.000000 85.000000 -179.000000
20240103083419 136.996000 37.361000 13.200000 4.000000 60.000000 73.000000 98.000000
20240103091815 136.847000 37.254000 14.500000 3.000000 22.000000 66.000000 -153.000000
20240103092702 137.481000 37.634000 13.000000 3.000000 97.000000 77.000000 123.000000
20240103095428 137.457000 37.770000 14.900000 3.500000 223.000000 87.000000 145.000000
20240103100702 137.720000 37.841000 11.800000 3.200000 107.000000 14.000000 140.000000
20240103103602 137.826000 37.880000 19.300000 3.700000 71.000000 27.000000 144.000000
20240103113648 136.959000 37.349000 11.700000 3.000000 211.000000 14.000000 73.000000
20240103115749 137.101000 37.432000 6.100000 3.700000 256.000000 77.000000 85.000000
20240103123723 136.640000 37.237000 5.100000 4.300000 216.000000 87.000000 158.000000
20240103134409 137.381000 37.565000 11.400000 4.100000 90.000000 86.000000 -103.000000
20240103145102 136.834000 37.382000 9.600000 3.000000 62.000000 87.000000 82.000000
20240103151741 137.266010 37.472000 11.500000 3.200000 83.000000 87.000000 -178.000000
20240103154402 136.817000 37.371000 8.500000 3.600000 143.000000 89.000000 171.000000
20240103154905 137.567990 37.628000 16.800000 3.400000 19.000000 53.000000 112.000000
20240103161931 137.171010 37.514000 10.400000 3.000000 95.000000 77.000000 161.000000
20240103171507 137.731990 37.813000 19.900000 4.000000 283.000000 48.000000 154.000000
20240103175122 136.735000 37.175000 8.300000 3.100000 252.000000 22.000000 -59.000000
20240103184800 136.804000 37.323000 12.000000 4.800000 59.000000 86.000000 158.000000
20240103190101 136.634990 37.181000 3.400000 3.800000 242.000000 17.000000 136.000000
20240103193446 136.715000 37.212000 5.100000 3.600000 286.000000 27.000000 155.000000
20240103194911 137.442990 37.585000 13.600000 4.100000 314.000000 36.000000 -47.000000
20240103205457 136.595990 37.114000 7.000000 3.700000 75.000000 87.000000 100.000000
20240103213247 136.882000 37.328000 12.300000 3.100000 59.000000 77.000000 124.000000
20240103214247 136.746990 37.181000 5.700000 3.100000 113.000000 86.000000 -176.000000
20240103220940 137.876010 37.682000 25.200000 3.800000 37.000000 55.000000 133.000000
20240103222627 137.300000 37.487000 11.200000 3.200000 349.000000 8.000000 96.000000
20240103223356 137.140000 37.464000 10.800000 3.100000 350.000000 9.000000 168.000000
20240103231418 137.487000 37.631000 12.900000 3.100000 94.000000 79.000000 141.000000
20240103233317 136.983990 37.321000 13.400000 4.200000 47.000000 65.000000 103.000000
20240103104842 137.772990 37.852000 20.200000 3.200000 176.000000 43.000000 81.000000
20240103133918 136.879000 37.351000 11.700000 3.200000 183.000000 36.000000 27.000000
20240103084128 136.690000 37.215000 6.700000 3.000000 161.000000 45.000000 107.000000
20240104000621 136.707990 37.214000 4.000000 3.000000 229.000000 41.000000 148.000000
20240104001223 136.871000 37.376000 12.100000 3.800000 257.000000 66.000000 -165.000000
20240104003653 137.128010 37.462000 10.700000 4.900000 250.000000 61.000000 -168.000000
20240104005627 137.123990 37.465000 11.300000 3.500000 250.000000 68.000000 171.000000
20240104022458 137.192990 37.466000 13.800000 3.400000 83.000000 78.000000 121.000000
20240104032721 137.296010 37.503000 11.500000 3.300000 196.000000 2.000000 16.000000
20240104034150 137.327000 37.499000 10.800000 3.200000 92.000000 88.000000 162.000000
20240104051456 137.128010 37.425000 8.200000 3.500000 120.000000 65.000000 -161.000000
20240104051647 136.700000 37.163000 8.500000 3.600000 269.000000 86.000000 69.000000
20240104053604 137.020000 37.390000 5.000000 3.000000 255.000000 86.000000 114.000000
20240104072925 136.998000 37.408000 7.100000 3.200000 244.000000 61.000000 179.000000
20240104081134 136.869000 37.234000 13.100000 3.600000 175.000000 47.000000 160.000000
20240104093425 137.570010 37.625000 14.800000 3.500000 70.000000 84.000000 93.000000
20240104105144 136.629000 37.225000 3.800000 3.600000 195.000000 64.000000 159.000000
20240104122643 137.256000 37.475000 11.300000 3.400000 90.000000 86.000000 124.000000
20240104102424 137.061000 37.398000 11.300000 3.500000 29.000000 24.000000 63.000000
20240104154647 137.287990 37.502000 11.600000 4.400000 101.000000 82.000000 164.000000
20240104171624 137.526000 37.713000 20.400000 5.000000 147.000000 50.000000 66.000000
20240104190225 137.699010 37.724000 20.100000 3.500000 142.000000 50.000000 63.000000
20240104194416 136.687000 37.187000 3.700000 3.300000 249.000000 59.000000 -174.000000
20240104202526 137.185000 37.520000 11.300000 4.100000 260.000000 53.000000 161.000000
20240104212939 137.638000 37.645000 21.800000 3.300000 166.000000 46.000000 79.000000
20240104213845 136.812000 37.185000 13.000000 3.200000 168.000000 33.000000 54.000000
20240104230759 137.621990 37.735000 16.600000 3.800000 354.000000 58.000000 90.000000
20240104080601 136.694000 37.173000 5.800000 3.200000 196.000000 67.000000 87.000000
20240105000413 136.832990 37.187000 12.000000 4.400000 265.000000 38.000000 121.000000
20240105004422 137.412000 37.559000 12.200000 3.000000 49.000000 70.000000 151.000000
20240105075603 136.690000 37.226000 5.700000 3.100000 200.000000 77.000000 -179.000000
20240105085824 137.451000 37.574000 16.500000 3.000000 105.000000 85.000000 145.000000
20240105092728 136.727010 37.190000 3.600000 4.000000 193.000000 53.000000 174.000000
20240105093951 137.214000 37.409000 13.300000 4.200000 229.000000 37.000000 138.000000
20240105095034 137.917010 37.659000 24.800000 3.400000 208.000000 48.000000 90.000000
20240105105640 137.720990 37.800000 19.700000 3.900000 258.000000 54.000000 146.000000
20240105112042 137.850010 37.669000 25.400000 3.000000 15.000000 49.000000 74.000000
20240105123850 136.920000 37.336000 13.400000 3.100000 300.000000 30.000000 -40.000000
20240105124612 136.815990 37.354000 14.900000 3.600000 182.000000 33.000000 39.000000
20240105133224 136.746990 37.171000 3.300000 3.500000 206.000000 66.000000 172.000000
20240105134438 136.907000 37.325000 14.100000 3.500000 34.000000 74.000000 171.000000
20240105141503 137.240010 37.458000 13.700000 4.200000 215.000000 29.000000 47.000000
20240105211745 137.155000 37.470000 12.300000 3.000000 84.000000 80.000000 -162.000000
20240105225145 137.276990 37.459000 13.100000 3.400000 229.000000 31.000000 123.000000
20240106005340 137.720990 37.767000 20.200000 3.000000 227.000000 38.000000 -94.000000
20240106010558 136.908000 37.362000 12.400000 3.900000 229.000000 76.000000 167.000000
20240106012956 137.726000 37.769000 23.400000 3.500000 13.000000 39.000000 93.000000
20240106030357 137.035000 37.367000 14.900000 3.500000 248.000000 41.000000 95.000000
20240106053250 136.837010 37.194000 12.600000 3.500000 203.000000 12.000000 68.000000
20240106054334 137.705990 37.805000 17.500000 4.200000 46.000000 62.000000 93.000000
20240106065716 136.959000 37.341000 13.900000 4.400000 229.000000 17.000000 77.000000
20240106091634 137.154010 37.430000 10.900000 3.300000 221.000000 36.000000 8.000000
20240106104303 136.756000 37.200000 6.400000 3.100000 217.000000 89.000000 121.000000
20240106131343 136.748000 37.166000 6.100000 3.100000 191.000000 73.000000 155.000000
20240106133051 137.082990 37.371000 13.200000 3.100000 315.000000 20.000000 -54.000000
20240106135217 136.728000 37.169000 5.600000 3.600000 181.000000 56.000000 167.000000
20240106143007 137.600010 37.691000 18.400000 3.300000 221.000000 35.000000 109.000000
20240106150939 137.143010 37.459000 13.700000 3.600000 201.000000 42.000000 56.000000
20240106164313 137.436000 37.602000 13.000000 3.800000 85.000000 59.000000 -123.000000
20240106182324 136.929000 37.376000 13.700000 4.000000 65.000000 75.000000 119.000000
20240106215209 137.352010 37.478000 13.300000 3.600000 208.000000 6.000000 78.000000
